#-1)Kurszusatz  G: Geld, Kauf>Verkauf; B: Brief, Kauf < Verkauf; b: bezahlt, Kauf=Verkauf; T: Taxe, kein Buy/Sell Order
#-2)Auftragtyp  B: Kauf,  S:Verkauf,  N:Wart  M: Mixed Order,  Order contains Buy and Sell Wish, it is created by Investor  
#-3)Limit=-1, -1 hat spezielle Bedeutung: billigsten Kauf bzw. Besten Verkauf
#-4)GewinnStatus *:Balance +:Gewinn -:Verlust 
#-5) Achtung: 
#-5) Wenn ReferenzTag = 0,  GewinnStatus ist jeden Tag gegen InitDepot ausgewertet.
#-6) Wenn ReferenzTag > 0,  GewinnStatus ist jeden Tag gegen Depot vor  X Tagen ausgewertet.
#-7) Investor BuyLimit  = IndividuellInnererWert * ( 1 - AbschlagProzent ) 
     Investor SellLimit = IndividuellInnererWert * ( 1 + AbschlagProzent ) 
#-8) Investor: Maximal Abweichung zu System InnererWert 5.0
     Investor: Minimal Abweichung zu System InnererWert -5.0
#-9) Investor: Eingesetztes Potenzial = PotenzialBase * ProzentialCounter  
     - Wenn ProzentialCounter Minus Wert ist, dann ist das Potenzial auch ein Minus Wert.
     - Wenn ProzentialCounter Plus Wert ist,  dann ist das Potenzial auch ein Plus Wert.
     - PotenzialProzent ist ein Parameter.
     - PotenzialBase wird nur bei (PozentialCounter=0) and (KursÄnderung ist größer als Threshold) berechnet, PotenzialBase = AktuellerSystemInnererWert * 0.2 * PotenuialProcent 
     - PotenzialProzent ist ein Parameter.
#-10) Investor Individuell InnererWert= SystemInnererWert + ZufallAbweichung + Potenzial 
      ZufallAbweichung kann minus/plus sein. 

Name;Tag;Type;State;ChangedReason;AktienAnzahl;Cash;Depot;RelativGewinn;RelativeGewinnProzent;AbsoluteGewinn;AbsoluteGewinnProzent;Order;BuyMenge;BuyLimit;SellMenge;SellLimit;Kurs;Kurszusatz;PerformedMenge;
V92; ;BlankoAgent; Individuelle Parameter: TimeWindowForAverageBuyLimit(Day)=7;ActivationThreshold(%)=5.0;DeactivationThreshold(%)=5.0;
V92;0000;BlankoAgent;initstate;;1000;100000;1100000;0;0,00;0;0,00;  ;   ;   ;   ;  ;0;
V92;0001;BlankoAgent;initstate;;1000;100000;1095000;0;0,00;-5000;-0,4545;  ;   ;   ;   ;  ;995;
V92;0002;BlankoAgent;initstate;PriceWindow needs at least 7 days prices as basis.;1000;100000;1091000;0;0,00;-9000;-0,8182;  ;   ;   ;   ;  ;991;
V92;0003;BlankoAgent;initstate;PriceWindow needs at least 7 days prices as basis.;1000;100000;1083000;0;0,00;-17000;-1,5455;  ;   ;   ;   ;  ;983;
V92;0004;BlankoAgent;initstate;PriceWindow needs at least 7 days prices as basis.;1000;100000;1092000;0;0,00;-8000;-0,7273;  ;   ;   ;   ;  ;992;
V92;0005;BlankoAgent;initstate;PriceWindow needs at least 7 days prices as basis.;1000;100000;1102000;0;0,00;2000;0,1818;  ;   ;   ;   ;  ;1002;
V92;0006;BlankoAgent;initstate;PriceWindow needs at least 7 days prices as basis.;1000;100000;1116000;0;0,00;16000;1,4545;  ;   ;   ;   ;  ;1016;
V92;0007;BlankoAgent;initstate;PriceWindow needs at least 7 days prices as basis.;1000;100000;1112000;0;0,00;12000;1,0909;  ;   ;   ;   ;  ;1012;
V92;0008;BlankoAgent;initstate;PriceWindow needs at least 7 days prices as basis.;1000;100000;1109000;0;0,00;9000;0,8182;  ;   ;   ;   ;  ;1009;
V92;0009;BlankoAgent;initstate;PriceWindow needs at least 7 days prices as basis.;1000;100000;1105000;0;0,00;5000;0,4545;  ;   ;   ;   ;  ;1005;
V92;0010;BlankoAgent;initstate;CurPrice=1005.0 Ref.Price=983,00 UpProcent=2,238;1000;100000;1100000;0;0,00;0;0,00;  ;   ;   ;   ;  ;1000;
V92;0011;BlankoAgent;initstate;CurPrice=1000.0 Ref.Price=992,00 UpProcent=0,8065;1000;100000;1089000;0;0,00;-11000;-1,00;  ;   ;   ;   ;  ;989;
V92;0012;BlankoAgent;initstate;CurpPrice=989.0 Ref.Price=1002,00 DownProcent=1,2974;1000;100000;1100000;0;0,00;0;0,00;  ;   ;   ;   ;  ;1000;
V92;0013;BlankoAgent;initstate;CurpPrice=1000.0 Ref.Price=1016,00 DownProcent=1,5748;1000;100000;1099000;0;0,00;-1000;-0,0909;  ;   ;   ;   ;  ;999;
V92;0014;BlankoAgent;initstate;CurpPrice=999.0 Ref.Price=1012,00 DownProcent=1,2846;1000;100000;1106000;0;0,00;6000;0,5455;  ;   ;   ;   ;  ;1006;
V92;0015;BlankoAgent;initstate;CurpPrice=1006.0 Ref.Price=1009,00 DownProcent=0,2973;1000;100000;1113000;0;0,00;13000;1,1818;  ;   ;   ;   ;  ;1013;
V92;0016;BlankoAgent;initstate;CurPrice=1013.0 Ref.Price=1005,00 UpProcent=0,796;1000;100000;1118000;0;0,00;18000;1,6364;  ;   ;   ;   ;  ;1018;
V92;0017;BlankoAgent;initstate;CurPrice=1018.0 Ref.Price=1000,00 UpProcent=1,80;1000;100000;1125000;0;0,00;25000;2,2727;  ;   ;   ;   ;  ;1025;
V92;0018;BlankoAgent;initstate;CurPrice=1025.0 Ref.Price=989,00 UpProcent=3,64;1000;100000;1124000;0;0,00;24000;2,1818;  ;   ;   ;   ;  ;1024;
V92;0019;BlankoAgent;initstate;CurPrice=1024.0 Ref.Price=1000,00 UpProcent=2,40;1000;100000;1121000;0;0,00;21000;1,9091;  ;   ;   ;   ;  ;1021;
V92;0020;BlankoAgent;initstate;CurPrice=1021.0 Ref.Price=999,00 UpProcent=2,2022;1000;100000;1112000;12000;1,0909;12000;1,0909;  ;   ;   ;   ;  ;1012;
V92;0021;BlankoAgent;initstate;CurPrice=1012.0 Ref.Price=1006,00 UpProcent=0,5964;1000;100000;1114000;19000;1,7352;14000;1,2727;  ;   ;   ;   ;  ;1014;
V92;0022;BlankoAgent;initstate;CurPrice=1014.0 Ref.Price=1013,00 UpProcent=0,0987;1000;100000;1102000;11000;1,0082;2000;0,1818;  ;   ;   ;   ;  ;1002;
V92;0023;BlankoAgent;initstate;CurpPrice=1002.0 Ref.Price=1018,00 DownProcent=1,5717;1000;100000;1104000;21000;1,9391;4000;0,3636;  ;   ;   ;   ;  ;1004;
V92;0024;BlankoAgent;initstate;CurpPrice=1004.0 Ref.Price=1025,00 DownProcent=2,0488;1000;100000;1094000;2000;0,1832;-6000;-0,5455;  ;   ;   ;   ;  ;994;
V92;0025;BlankoAgent;initstate;CurpPrice=994.0 Ref.Price=1024,00 DownProcent=2,9297;1000;100000;1091000;-11000;-0,9982;-9000;-0,8182;  ;   ;   ;   ;  ;991;
V92;0026;BlankoAgent;initstate;CurpPrice=991.0 Ref.Price=1021,00 DownProcent=2,9383;1000;100000;1100000;-16000;-1,4337;0;0,00;  ;   ;   ;   ;  ;1000;
V92;0027;BlankoAgent;initstate;CurpPrice=1000.0 Ref.Price=1012,00 DownProcent=1,1858;1000;100000;1098000;-14000;-1,259;-2000;-0,1818;  ;   ;   ;   ;  ;998;
V92;0028;BlankoAgent;initstate;CurpPrice=998.0 Ref.Price=1014,00 DownProcent=1,5779;1000;100000;1088000;-21000;-1,8936;-12000;-1,0909;  ;   ;   ;   ;  ;988;
V92;0029;BlankoAgent;initstate;CurpPrice=988.0 Ref.Price=1002,00 DownProcent=1,3972;1000;100000;1083000;-22000;-1,991;-17000;-1,5455;  ;   ;   ;   ;  ;983;
V92;0030;BlankoAgent;initstate;CurpPrice=983.0 Ref.Price=1004,00 DownProcent=2,0916;1000;100000;1095000;-5000;-0,4545;-5000;-0,4545;  ;   ;   ;   ;  ;995;
V92;0031;BlankoAgent;initstate;CurPrice=995.0 Ref.Price=994,00 UpProcent=0,1006;1000;100000;1092000;3000;0,2755;-8000;-0,7273;  ;   ;   ;   ;  ;992;
V92;0032;BlankoAgent;initstate;CurPrice=992.0 Ref.Price=991,00 UpProcent=0,1009;1000;100000;1098000;-2000;-0,1818;-2000;-0,1818;  ;   ;   ;   ;  ;998;
V92;0033;BlankoAgent;initstate;CurpPrice=998.0 Ref.Price=1000,00 DownProcent=0,20;1000;100000;1098000;-1000;-0,091;-2000;-0,1818;  ;   ;   ;   ;  ;998;
V92;0034;BlankoAgent;initstate;CurpPrice=998.0 Ref.Price=998,00 DownProcent=0,00;1000;100000;1098000;-8000;-0,7233;-2000;-0,1818;  ;   ;   ;   ;  ;998;
V92;0035;BlankoAgent;initstate;CurPrice=998.0 Ref.Price=988,00 UpProcent=1,0121;1000;100000;1087000;-26000;-2,336;-13000;-1,1818;  ;   ;   ;   ;  ;987;
V92;0036;BlankoAgent;initstate;CurPrice=987.0 Ref.Price=983,00 UpProcent=0,4069;1000;100000;1089000;-29000;-2,5939;-11000;-1,00;  ;   ;   ;   ;  ;989;
V92;0037;BlankoAgent;initstate;CurpPrice=989.0 Ref.Price=995,00 DownProcent=0,603;1000;100000;1080000;-45000;-4,00;-20000;-1,8182;  ;   ;   ;   ;  ;980;
V92;0038;BlankoAgent;initstate;CurpPrice=980.0 Ref.Price=992,00 DownProcent=1,2097;1000;100000;1088000;-36000;-3,2028;-12000;-1,0909;  ;   ;   ;   ;  ;988;
V92;0039;BlankoAgent;initstate;CurpPrice=988.0 Ref.Price=998,00 DownProcent=1,002;1000;100000;1095000;-26000;-2,3194;-5000;-0,4545;  ;   ;   ;   ;  ;995;
V92;0040;BlankoAgent;initstate;CurpPrice=995.0 Ref.Price=998,00 DownProcent=0,3006;1000;100000;1101000;-11000;-0,9892;1000;0,0909;  ;   ;   ;   ;  ;1001;
V92;0041;BlankoAgent;initstate;CurPrice=1001.0 Ref.Price=998,00 UpProcent=0,3006;1000;100000;1093000;-21000;-1,8851;-7000;-0,6364;  ;   ;   ;   ;  ;993;
V92;0042;BlankoAgent;initstate;CurPrice=993.0 Ref.Price=987,00 UpProcent=0,6079;1000;100000;1099000;-3000;-0,2722;-1000;-0,0909;  ;   ;   ;   ;  ;999;
V92;0043;BlankoAgent;initstate;CurPrice=999.0 Ref.Price=989,00 UpProcent=1,0111;1000;100000;1091000;-13000;-1,1775;-9000;-0,8182;  ;   ;   ;   ;  ;991;
V92;0044;BlankoAgent;initstate;CurPrice=991.0 Ref.Price=980,00 UpProcent=1,1224;1000;100000;1091000;-3000;-0,2742;-9000;-0,8182;  ;   ;   ;   ;  ;991;
V92;0045;BlankoAgent;initstate;CurPrice=991.0 Ref.Price=988,00 UpProcent=0,3036;1000;100000;1081000;-10000;-0,9166;-19000;-1,7273;  ;   ;   ;   ;  ;981;
V92;0046;BlankoAgent;initstate;CurpPrice=981.0 Ref.Price=995,00 DownProcent=1,407;1000;100000;1081000;-19000;-1,7273;-19000;-1,7273;  ;   ;   ;   ;  ;981;
V92;0047;BlankoAgent;initstate;CurpPrice=981.0 Ref.Price=1001,00 DownProcent=1,998;1000;100000;1077000;-21000;-1,9126;-23000;-2,0909;  ;   ;   ;   ;  ;977;
V92;0048;BlankoAgent;initstate;CurpPrice=977.0 Ref.Price=993,00 DownProcent=1,6113;1000;100000;1079000;-9000;-0,8272;-21000;-1,9091;  ;   ;   ;   ;  ;979;
V92;0049;BlankoAgent;initstate;CurpPrice=979.0 Ref.Price=999,00 DownProcent=2,002;1000;100000;1094000;11000;1,0157;-6000;-0,5455;  ;   ;   ;   ;  ;994;
V92;0050;BlankoAgent;initstate;CurPrice=994.0 Ref.Price=991,00 UpProcent=0,3027;1000;100000;1097000;2000;0,1826;-3000;-0,2727;  ;   ;   ;   ;  ;997;
V92;0051;BlankoAgent;initstate;CurPrice=997.0 Ref.Price=991,00 UpProcent=0,6054;1000;100000;1087000;-5000;-0,4579;-13000;-1,1818;  ;   ;   ;   ;  ;987;
V92;0052;BlankoAgent;initstate;CurPrice=987.0 Ref.Price=981,00 UpProcent=0,6116;1000;100000;1084000;-14000;-1,275;-16000;-1,4545;  ;   ;   ;   ;  ;984;
V92;0053;BlankoAgent;initstate;CurPrice=984.0 Ref.Price=981,00 UpProcent=0,3058;1000;100000;1086000;-12000;-1,0929;-14000;-1,2727;  ;   ;   ;   ;  ;986;
V92;0054;BlankoAgent;initstate;CurPrice=986.0 Ref.Price=977,00 UpProcent=0,9212;1000;100000;1083000;-15000;-1,3661;-17000;-1,5455;  ;   ;   ;   ;  ;983;
V92;0055;BlankoAgent;initstate;CurPrice=983.0 Ref.Price=979,00 UpProcent=0,4086;1000;100000;1090000;3000;0,276;-10000;-0,9091;  ;   ;   ;   ;  ;990;
V92;0056;BlankoAgent;initstate;CurpPrice=990.0 Ref.Price=994,00 DownProcent=0,4024;1000;100000;1083000;-6000;-0,551;-17000;-1,5455;  ;   ;   ;   ;  ;983;
V92;0057;BlankoAgent;initstate;CurpPrice=983.0 Ref.Price=997,00 DownProcent=1,4042;1000;100000;1093000;13000;1,2037;-7000;-0,6364;  ;   ;   ;   ;  ;993;
V92;0058;BlankoAgent;initstate;CurPrice=993.0 Ref.Price=987,00 UpProcent=0,6079;1000;100000;1091000;3000;0,2757;-9000;-0,8182;  ;   ;   ;   ;  ;991;
V92;0059;BlankoAgent;initstate;CurPrice=991.0 Ref.Price=984,00 UpProcent=0,7114;1000;100000;1095000;0;0,00;-5000;-0,4545;  ;   ;   ;   ;  ;995;
V92;0060;BlankoAgent;initstate;CurPrice=995.0 Ref.Price=986,00 UpProcent=0,9128;1000;100000;1098000;-3000;-0,2725;-2000;-0,1818;  ;   ;   ;   ;  ;998;
V92;0061;BlankoAgent;initstate;CurPrice=998.0 Ref.Price=983,00 UpProcent=1,5259;1000;100000;1100000;7000;0,6404;0;0,00;  ;   ;   ;   ;  ;1000;
V92;0062;BlankoAgent;initstate;CurPrice=1000.0 Ref.Price=990,00 UpProcent=1,0101;1000;100000;1104000;5000;0,455;4000;0,3636;  ;   ;   ;   ;  ;1004;
V92;0063;BlankoAgent;initstate;CurPrice=1004.0 Ref.Price=983,00 UpProcent=2,1363;1000;100000;1102000;11000;1,0082;2000;0,1818;  ;   ;   ;   ;  ;1002;
V92;0064;BlankoAgent;initstate;CurPrice=1002.0 Ref.Price=993,00 UpProcent=0,9063;1000;100000;1100000;9000;0,8249;0;0,00;  ;   ;   ;   ;  ;1000;
V92;0065;BlankoAgent;initstate;CurPrice=1000.0 Ref.Price=991,00 UpProcent=0,9082;1000;100000;1104000;23000;2,1277;4000;0,3636;  ;   ;   ;   ;  ;1004;
V92;0066;BlankoAgent;initstate;CurPrice=1004.0 Ref.Price=995,00 UpProcent=0,9045;1000;100000;1122000;41000;3,7928;22000;2,00;  ;   ;   ;   ;  ;1022;
V92;0067;BlankoAgent;initstate;CurPrice=1022.0 Ref.Price=998,00 UpProcent=2,4048;1000;100000;1110000;33000;3,0641;10000;0,9091;  ;   ;   ;   ;  ;1010;
V92;0068;BlankoAgent;initstate;CurPrice=1010.0 Ref.Price=1000,00 UpProcent=1,00;1000;100000;1108000;29000;2,6877;8000;0,7273;  ;   ;   ;   ;  ;1008;
V92;0069;BlankoAgent;initstate;CurPrice=1008.0 Ref.Price=1004,00 UpProcent=0,3984;1000;100000;1102000;8000;0,7313;2000;0,1818;  ;   ;   ;   ;  ;1002;
V92;0070;BlankoAgent;initstate;CurpPrice=1002.0 Ref.Price=1002,00 DownProcent=0,00;1000;100000;1105000;8000;0,7293;5000;0,4545;  ;   ;   ;   ;  ;1005;
V92;0071;BlankoAgent;initstate;CurPrice=1005.0 Ref.Price=1000,00 UpProcent=0,50;1000;100000;1111000;24000;2,2079;11000;1,00;  ;   ;   ;   ;  ;1011;
V92;0072;BlankoAgent;initstate;CurPrice=1011.0 Ref.Price=1004,00 UpProcent=0,6972;1000;100000;1100000;16000;1,476;0;0,00;  ;   ;   ;   ;  ;1000;
V92;0073;BlankoAgent;initstate;CurpPrice=1000.0 Ref.Price=1022,00 DownProcent=2,1526;1000;100000;1097000;11000;1,0129;-3000;-0,2727;  ;   ;   ;   ;  ;997;
V92;0074;BlankoAgent;initstate;CurpPrice=997.0 Ref.Price=1010,00 DownProcent=1,2871;1000;100000;1079000;-4000;-0,3693;-21000;-1,9091;  ;   ;   ;   ;  ;979;
V92;0075;BlankoAgent;initstate;CurpPrice=979.0 Ref.Price=1008,00 DownProcent=2,877;1000;100000;1073000;-17000;-1,5596;-27000;-2,4545;  ;   ;   ;   ;  ;973;
V92;0076;BlankoAgent;initstate;CurpPrice=973.0 Ref.Price=1002,00 DownProcent=2,8942;1000;100000;1077000;-6000;-0,554;-23000;-2,0909;  ;   ;   ;   ;  ;977;
V92;0077;BlankoAgent;initstate;CurpPrice=977.0 Ref.Price=1005,00 DownProcent=2,7861;1000;100000;1073000;-20000;-1,8298;-27000;-2,4545;  ;   ;   ;   ;  ;973;
V92;0078;BlankoAgent;initstate;CurpPrice=973.0 Ref.Price=1011,00 DownProcent=3,7587;1000;100000;1063000;-28000;-2,5665;-37000;-3,3636;  ;   ;   ;   ;  ;963;
V92;0079;BlankoAgent;initstate;CurpPrice=963.0 Ref.Price=1000,00 DownProcent=3,70;1000;100000;1058000;-37000;-3,379;-42000;-3,8182;  ;   ;   ;   ;  ;958;
V92;0080;BlankoAgent;initstate;CurpPrice=958.0 Ref.Price=997,00 DownProcent=3,9117;1000;100000;1057000;-41000;-3,7341;-43000;-3,9091;  ;   ;   ;   ;  ;957;
V92;0081;BlankoAgent;initstate;CurpPrice=957.0 Ref.Price=979,00 DownProcent=2,2472;1000;100000;1054000;-46000;-4,1818;-46000;-4,1818;  ;   ;   ;   ;  ;954;
V92;0082;BlankoAgent;initstate;CurpPrice=954.0 Ref.Price=973,00 DownProcent=1,9527;1000;100000;1054000;-50000;-4,529;-46000;-4,1818;  ;   ;   ;   ;  ;954;
V92;0083;BlankoAgent;initstate;CurpPrice=954.0 Ref.Price=977,00 DownProcent=2,3541;1000;100000;1053000;-49000;-4,4465;-47000;-4,2727;  ;   ;   ;   ;  ;953;
V92;0084;BlankoAgent;initstate;CurpPrice=953.0 Ref.Price=973,00 DownProcent=2,0555;1000;100000;1058000;-42000;-3,8182;-42000;-3,8182;  ;   ;   ;   ;  ;958;
V92;0085;BlankoAgent;initstate;CurpPrice=958.0 Ref.Price=963,00 DownProcent=0,5192;1000;100000;1063000;-41000;-3,7138;-37000;-3,3636;  ;   ;   ;   ;  ;963;
V92;0086;BlankoAgent;initstate;CurPrice=963.0 Ref.Price=958,00 UpProcent=0,5219;1000;100000;1064000;-58000;-5,1693;-36000;-3,2727;  ;   ;   ;   ;  ;964;
V92;0087;BlankoAgent;initstate;CurPrice=964.0 Ref.Price=957,00 UpProcent=0,7315;1000;100000;1065000;-45000;-4,0541;-35000;-3,1818;  ;   ;   ;   ;  ;965;
V92;0088;BlankoAgent;initstate;CurPrice=965.0 Ref.Price=954,00 UpProcent=1,153;1000;100000;1059000;-49000;-4,4224;-41000;-3,7273;  ;   ;   ;   ;  ;959;
V92;0089;BlankoAgent;initstate;CurPrice=959.0 Ref.Price=954,00 UpProcent=0,5241;1000;100000;1063000;-39000;-3,539;-37000;-3,3636;  ;   ;   ;   ;  ;963;
V92;0090;BlankoAgent;initstate;CurPrice=963.0 Ref.Price=953,00 UpProcent=1,0493;1000;100000;1067000;-38000;-3,4389;-33000;-3,00;  ;   ;   ;   ;  ;967;
V92;0091;BlankoAgent;initstate;CurPrice=967.0 Ref.Price=958,00 UpProcent=0,9395;1000;100000;1064000;-47000;-4,2304;-36000;-3,2727;  ;   ;   ;   ;  ;964;
V92;0092;BlankoAgent;initstate;CurPrice=964.0 Ref.Price=963,00 UpProcent=0,1038;1000;100000;1057000;-43000;-3,9091;-43000;-3,9091;  ;   ;   ;   ;  ;957;
V92;0093;BlankoAgent;initstate;CurpPrice=957.0 Ref.Price=964,00 DownProcent=0,7261;1000;100000;1063000;-34000;-3,0994;-37000;-3,3636;  ;   ;   ;   ;  ;963;
V92;0094;BlankoAgent;initstate;CurpPrice=963.0 Ref.Price=965,00 DownProcent=0,2073;1000;100000;1056000;-23000;-2,1316;-44000;-4,00;  ;   ;   ;   ;  ;956;
V92;0095;BlankoAgent;initstate;CurpPrice=956.0 Ref.Price=959,00 DownProcent=0,3128;1000;100000;1064000;-9000;-0,8388;-36000;-3,2727;  ;   ;   ;   ;  ;964;
V92;0096;BlankoAgent;initstate;CurPrice=964.0 Ref.Price=963,00 UpProcent=0,1038;1000;100000;1066000;-11000;-1,0214;-34000;-3,0909;  ;   ;   ;   ;  ;966;
V92;0097;BlankoAgent;initstate;CurpPrice=966.0 Ref.Price=967,00 DownProcent=0,1034;1000;100000;1065000;-8000;-0,7456;-35000;-3,1818;  ;   ;   ;   ;  ;965;
V92;0098;BlankoAgent;initstate;CurPrice=965.0 Ref.Price=964,00 UpProcent=0,1037;1000;100000;1062000;-1000;-0,0941;-38000;-3,4545;  ;   ;   ;   ;  ;962;
V92;0099;BlankoAgent;initstate;CurPrice=962.0 Ref.Price=957,00 UpProcent=0,5225;1000;100000;1059000;1000;0,0945;-41000;-3,7273;  ;   ;   ;   ;  ;959;
V92;0100;BlankoAgent;initstate;CurpPrice=959.0 Ref.Price=963,00 DownProcent=0,4154;1000;100000;1074000;17000;1,6083;-26000;-2,3636;  ;   ;   ;   ;  ;974;
V92;0101;BlankoAgent;initstate;CurPrice=974.0 Ref.Price=956,00 UpProcent=1,8828;1000;100000;1092000;38000;3,6053;-8000;-0,7273;  ;   ;   ;   ;  ;992;
V92;0102;BlankoAgent;initstate;CurPrice=992.0 Ref.Price=964,00 UpProcent=2,9046;1000;100000;1096000;42000;3,9848;-4000;-0,3636;  ;   ;   ;   ;  ;996;
V92;0103;BlankoAgent;initstate;CurPrice=996.0 Ref.Price=966,00 UpProcent=3,1056;1000;100000;1091000;38000;3,6087;-9000;-0,8182;  ;   ;   ;   ;  ;991;
V92;0104;BlankoAgent;initstate;CurPrice=991.0 Ref.Price=965,00 UpProcent=2,6943;1000;100000;1080000;22000;2,0794;-20000;-1,8182;  ;   ;   ;   ;  ;980;
V92;0105;BlankoAgent;initstate;CurPrice=980.0 Ref.Price=962,00 UpProcent=1,8711;1000;100000;1071000;8000;0,7526;-29000;-2,6364;  ;   ;   ;   ;  ;971;
V92;0106;BlankoAgent;initstate;CurPrice=971.0 Ref.Price=959,00 UpProcent=1,2513;1000;100000;1075000;11000;1,0338;-25000;-2,2727;  ;   ;   ;   ;  ;975;
V92;0107;BlankoAgent;initstate;CurPrice=975.0 Ref.Price=974,00 UpProcent=0,1027;1000;100000;1068000;3000;0,2817;-32000;-2,9091;  ;   ;   ;   ;  ;968;
V92;0108;BlankoAgent;initstate;CurpPrice=968.0 Ref.Price=992,00 DownProcent=2,4194;1000;100000;1066000;7000;0,661;-34000;-3,0909;  ;   ;   ;   ;  ;966;
V92;0109;BlankoAgent;initstate;CurpPrice=966.0 Ref.Price=996,00 DownProcent=3,012;1000;100000;1059000;-4000;-0,3763;-41000;-3,7273;  ;   ;   ;   ;  ;959;
V92;0110;BlankoAgent;initstate;CurpPrice=959.0 Ref.Price=991,00 DownProcent=3,2291;1000;100000;1068000;1000;0,0937;-32000;-2,9091;  ;   ;   ;   ;  ;968;
V92;0111;BlankoAgent;initstate;CurpPrice=968.0 Ref.Price=980,00 DownProcent=1,2245;1000;100000;1057000;-7000;-0,6579;-43000;-3,9091;  ;   ;   ;   ;  ;957;
V92;0112;BlankoAgent;initstate;CurpPrice=957.0 Ref.Price=971,00 DownProcent=1,4418;1000;100000;1064000;7000;0,6623;-36000;-3,2727;  ;   ;   ;   ;  ;964;
V92;0113;BlankoAgent;initstate;CurpPrice=964.0 Ref.Price=975,00 DownProcent=1,1282;1000;100000;1058000;-5000;-0,4704;-42000;-3,8182;  ;   ;   ;   ;  ;958;
V92;0114;BlankoAgent;initstate;CurpPrice=958.0 Ref.Price=968,00 DownProcent=1,0331;1000;100000;1061000;5000;0,4735;-39000;-3,5455;  ;   ;   ;   ;  ;961;
V92;0115;BlankoAgent;initstate;CurpPrice=961.0 Ref.Price=966,00 DownProcent=0,5176;1000;100000;1072000;8000;0,7519;-28000;-2,5455;  ;   ;   ;   ;  ;972;
V92;0116;BlankoAgent;initstate;CurPrice=972.0 Ref.Price=959,00 UpProcent=1,3556;1000;100000;1065000;-1000;-0,0938;-35000;-3,1818;  ;   ;   ;   ;  ;965;
V92;0117;BlankoAgent;initstate;CurpPrice=965.0 Ref.Price=968,00 DownProcent=0,3099;1000;100000;1072000;7000;0,6573;-28000;-2,5455;  ;   ;   ;   ;  ;972;
V92;0118;BlankoAgent;initstate;CurPrice=972.0 Ref.Price=957,00 UpProcent=1,5674;1000;100000;1065000;3000;0,2825;-35000;-3,1818;  ;   ;   ;   ;  ;965;
V92;0119;BlankoAgent;initstate;CurPrice=965.0 Ref.Price=964,00 UpProcent=0,1037;1000;100000;1067000;8000;0,7554;-33000;-3,00;  ;   ;   ;   ;  ;967;
V92;0120;BlankoAgent;initstate;CurPrice=967.0 Ref.Price=958,00 UpProcent=0,9395;1000;100000;1069000;-5000;-0,4655;-31000;-2,8182;  ;   ;   ;   ;  ;969;
V92;0121;BlankoAgent;initstate;CurPrice=969.0 Ref.Price=961,00 UpProcent=0,8325;1000;100000;1069000;-23000;-2,1062;-31000;-2,8182;  ;   ;   ;   ;  ;969;
V92;0122;BlankoAgent;initstate;CurpPrice=969.0 Ref.Price=972,00 DownProcent=0,3086;1000;100000;1068000;-28000;-2,5547;-32000;-2,9091;  ;   ;   ;   ;  ;968;
V92;0123;BlankoAgent;initstate;CurPrice=968.0 Ref.Price=965,00 UpProcent=0,3109;1000;100000;1086000;-5000;-0,4583;-14000;-1,2727;  ;   ;   ;   ;  ;986;
V92;0124;BlankoAgent;initstate;CurPrice=986.0 Ref.Price=972,00 UpProcent=1,4403;1000;100000;1108000;28000;2,5926;8000;0,7273;  ;   ;   ;   ;  ;1008;
V92;0125;BlankoAgent;initstate;CurPrice=1008.0 Ref.Price=965,00 UpProcent=4,456;1000;100000;1106000;35000;3,268;6000;0,5455;  ;   ;   ;   ;  ;1006;
V92;0126;BlankoAgent;initstate;CurPrice=1006.0 Ref.Price=967,00 UpProcent=4,0331;1000;100000;1095000;20000;1,8605;-5000;-0,4545;  ;   ;   ;   ;  ;995;
V92;0127;BlankoAgent;initstate;CurPrice=995.0 Ref.Price=969,00 UpProcent=2,6832;1000;100000;1103000;35000;3,2772;3000;0,2727;  ;   ;   ;   ;  ;1003;
V92;0128;BlankoAgent;initstate;CurPrice=1003.0 Ref.Price=969,00 UpProcent=3,5088;1000;100000;1092000;26000;2,439;-8000;-0,7273;  ;   ;   ;   ;  ;992;
V92;0129;BlankoAgent;initstate;CurPrice=992.0 Ref.Price=968,00 UpProcent=2,4793;1000;100000;1090000;31000;2,9273;-10000;-0,9091;  ;   ;   ;   ;  ;990;
V92;0130;BlankoAgent;initstate;CurPrice=990.0 Ref.Price=986,00 UpProcent=0,4057;1000;100000;1094000;26000;2,4345;-6000;-0,5455;  ;   ;   ;   ;  ;994;
V92;0131;BlankoAgent;initstate;CurpPrice=994.0 Ref.Price=1008,00 DownProcent=1,3889;1000;100000;1093000;36000;3,4059;-7000;-0,6364;  ;   ;   ;   ;  ;993;
V92;0132;BlankoAgent;initstate;CurpPrice=993.0 Ref.Price=1006,00 DownProcent=1,2922;1000;100000;1093000;29000;2,7256;-7000;-0,6364;  ;   ;   ;   ;  ;993;
V92;0133;BlankoAgent;initstate;CurpPrice=993.0 Ref.Price=995,00 DownProcent=0,201;1000;100000;1108000;50000;4,7259;8000;0,7273;  ;   ;   ;   ;  ;1008;
V92;0134;BlankoAgent;initstate;CurPrice=1008.0 Ref.Price=1003,00 UpProcent=0,4985;1000;100000;1108000;47000;4,4298;8000;0,7273;  ;   ;   ;   ;  ;1008;
V92;0135;BlankoAgent;initstate;CurPrice=1008.0 Ref.Price=992,00 UpProcent=1,6129;1000;100000;1098000;26000;2,4254;-2000;-0,1818;  ;   ;   ;   ;  ;998;
V92;0136;BlankoAgent;initstate;CurPrice=998.0 Ref.Price=990,00 UpProcent=0,8081;1000;100000;1097000;32000;3,0047;-3000;-0,2727;  ;   ;   ;   ;  ;997;
V92;0137;BlankoAgent;initstate;CurPrice=997.0 Ref.Price=994,00 UpProcent=0,3018;1000;100000;1112000;40000;3,7313;12000;1,0909;  ;   ;   ;   ;  ;1012;
V92;0138;BlankoAgent;initstate;CurPrice=1012.0 Ref.Price=993,00 UpProcent=1,9134;1000;100000;1098000;33000;3,0986;-2000;-0,1818;  ;   ;   ;   ;  ;998;
V92;0139;BlankoAgent;initstate;CurPrice=998.0 Ref.Price=993,00 UpProcent=0,5035;1000;100000;1109000;42000;3,9363;9000;0,8182;  ;   ;   ;   ;  ;1009;
V92;0140;BlankoAgent;initstate;CurPrice=1009.0 Ref.Price=1008,00 UpProcent=0,0992;1000;100000;1103000;34000;3,1805;3000;0,2727;  ;   ;   ;   ;  ;1003;
V92;0141;BlankoAgent;initstate;CurpPrice=1003.0 Ref.Price=1008,00 DownProcent=0,496;1000;100000;1106000;37000;3,4612;6000;0,5455;  ;   ;   ;   ;  ;1006;
V92;0142;BlankoAgent;initstate;CurPrice=1006.0 Ref.Price=998,00 UpProcent=0,8016;1000;100000;1113000;45000;4,2135;13000;1,1818;  ;   ;   ;   ;  ;1013;
V92;0143;BlankoAgent;initstate;CurPrice=1013.0 Ref.Price=997,00 UpProcent=1,6048;1000;100000;1116000;30000;2,7624;16000;1,4545;  ;   ;   ;   ;  ;1016;
V92;0144;BlankoAgent;initstate;CurPrice=1016.0 Ref.Price=1012,00 UpProcent=0,3953;1000;100000;1105000;-3000;-0,2708;5000;0,4545;  ;   ;   ;   ;  ;1005;
V92;0145;BlankoAgent;initstate;CurPrice=1005.0 Ref.Price=998,00 UpProcent=0,7014;1000;100000;1103000;-3000;-0,2712;3000;0,2727;  ;   ;   ;   ;  ;1003;
V92;0146;BlankoAgent;initstate;CurpPrice=1003.0 Ref.Price=1009,00 DownProcent=0,5946;1000;100000;1084000;-11000;-1,0046;-16000;-1,4545;  ;   ;   ;   ;  ;984;
V92;0147;BlankoAgent;initstate;CurpPrice=984.0 Ref.Price=1003,00 DownProcent=1,8943;1000;100000;1077000;-26000;-2,3572;-23000;-2,0909;  ;   ;   ;   ;  ;977;
V92;0148;BlankoAgent;initstate;CurpPrice=977.0 Ref.Price=1006,00 DownProcent=2,8827;1000;100000;1063000;-29000;-2,6557;-37000;-3,3636;  ;   ;   ;   ;  ;963;
V92;0149;BlankoAgent;initstate;CurpPrice=963.0 Ref.Price=1013,00 DownProcent=4,9358;1000;100000;1066000;-24000;-2,2018;-34000;-3,0909;  ;   ;   ;   ;  ;966;
V92;0150;BlankoAgent;initstate;CurpPrice=966.0 Ref.Price=1016,00 DownProcent=4,9213;1000;100000;1068000;-26000;-2,3766;-32000;-2,9091;  ;   ;   ;   ;  ;968;
V92;0151;BlankoAgent;initstate;CurpPrice=968.0 Ref.Price=1005,00 DownProcent=3,6816;1000;100000;1065000;-28000;-2,5618;-35000;-3,1818;  ;   ;   ;   ;  ;965;
V92;0152;BlankoAgent;initstate;CurpPrice=965.0 Ref.Price=1003,00 DownProcent=3,7886;1000;100000;1082000;-11000;-1,0064;-18000;-1,6364;  ;   ;   ;   ;  ;982;
V92;0153;BlankoAgent;initstate;CurpPrice=982.0 Ref.Price=984,00 DownProcent=0,2033;1000;100000;1085000;-23000;-2,0758;-15000;-1,3636;  ;   ;   ;   ;  ;985;
V92;0154;BlankoAgent;initstate;CurPrice=985.0 Ref.Price=977,00 UpProcent=0,8188;1000;100000;1082000;-26000;-2,3466;-18000;-1,6364;  ;   ;   ;   ;  ;982;
V92;0155;BlankoAgent;initstate;CurPrice=982.0 Ref.Price=963,00 UpProcent=1,973;1000;100000;1079000;-19000;-1,7304;-21000;-1,9091;  ;   ;   ;   ;  ;979;
V92;0156;BlankoAgent;initstate;CurPrice=979.0 Ref.Price=966,00 UpProcent=1,3458;1000;100000;1076000;-21000;-1,9143;-24000;-2,1818;  ;   ;   ;   ;  ;976;
V92;0157;BlankoAgent;initstate;CurPrice=976.0 Ref.Price=968,00 UpProcent=0,8264;1000;100000;1076000;-36000;-3,2374;-24000;-2,1818;  ;   ;   ;   ;  ;976;
V92;0158;BlankoAgent;initstate;CurPrice=976.0 Ref.Price=965,00 UpProcent=1,1399;1000;100000;1089000;-9000;-0,8197;-11000;-1,00;  ;   ;   ;   ;  ;989;
V92;0159;BlankoAgent;initstate;CurPrice=989.0 Ref.Price=982,00 UpProcent=0,7128;1000;100000;1084000;-25000;-2,2543;-16000;-1,4545;  ;   ;   ;   ;  ;984;
V92;0160;BlankoAgent;initstate;CurpPrice=984.0 Ref.Price=985,00 DownProcent=0,1015;1000;100000;1091000;-12000;-1,0879;-9000;-0,8182;  ;   ;   ;   ;  ;991;
V92;0161;BlankoAgent;initstate;CurPrice=991.0 Ref.Price=982,00 UpProcent=0,9165;1000;100000;1081000;-25000;-2,2604;-19000;-1,7273;  ;   ;   ;   ;  ;981;
V92;0162;BlankoAgent;initstate;CurPrice=981.0 Ref.Price=979,00 UpProcent=0,2043;1000;100000;1083000;-30000;-2,6954;-17000;-1,5455;  ;   ;   ;   ;  ;983;
V92;0163;BlankoAgent;initstate;CurPrice=983.0 Ref.Price=976,00 UpProcent=0,7172;1000;100000;1093000;-23000;-2,0609;-7000;-0,6364;  ;   ;   ;   ;  ;993;
V92;0164;BlankoAgent;initstate;CurPrice=993.0 Ref.Price=976,00 UpProcent=1,7418;1000;100000;1094000;-11000;-0,9955;-6000;-0,5455;  ;   ;   ;   ;  ;994;
V92;0165;BlankoAgent;initstate;CurPrice=994.0 Ref.Price=989,00 UpProcent=0,5056;1000;100000;1094000;-9000;-0,816;-6000;-0,5455;  ;   ;   ;   ;  ;994;
V92;0166;BlankoAgent;initstate;CurPrice=994.0 Ref.Price=984,00 UpProcent=1,0163;1000;100000;1077000;-7000;-0,6458;-23000;-2,0909;  ;   ;   ;   ;  ;977;
V92;0167;BlankoAgent;initstate;CurpPrice=977.0 Ref.Price=991,00 DownProcent=1,4127;1000;100000;1087000;10000;0,9285;-13000;-1,1818;  ;   ;   ;   ;  ;987;
V92;0168;BlankoAgent;initstate;CurPrice=987.0 Ref.Price=981,00 UpProcent=0,6116;1000;100000;1097000;34000;3,1985;-3000;-0,2727;  ;   ;   ;   ;  ;997;
V92;0169;BlankoAgent;initstate;CurPrice=997.0 Ref.Price=983,00 UpProcent=1,4242;1000;100000;1094000;28000;2,6266;-6000;-0,5455;  ;   ;   ;   ;  ;994;
V92;0170;BlankoAgent;initstate;CurPrice=994.0 Ref.Price=993,00 UpProcent=0,1007;1000;100000;1102000;34000;3,1835;2000;0,1818;  ;   ;   ;   ;  ;1002;
V92;0171;BlankoAgent;initstate;CurPrice=1002.0 Ref.Price=994,00 UpProcent=0,8048;1000;100000;1091000;26000;2,4413;-9000;-0,8182;  ;   ;   ;   ;  ;991;
V92;0172;BlankoAgent;initstate;CurpPrice=991.0 Ref.Price=994,00 DownProcent=0,3018;1000;100000;1088000;6000;0,5545;-12000;-1,0909;  ;   ;   ;   ;  ;988;
V92;0173;BlankoAgent;initstate;CurPrice=988.0 Ref.Price=977,00 UpProcent=1,1259;1000;100000;1098000;13000;1,1982;-2000;-0,1818;  ;   ;   ;   ;  ;998;
V92;0174;BlankoAgent;initstate;CurPrice=998.0 Ref.Price=987,00 UpProcent=1,1145;1000;100000;1102000;20000;1,8484;2000;0,1818;  ;   ;   ;   ;  ;1002;
V92;0175;BlankoAgent;initstate;CurPrice=1002.0 Ref.Price=997,00 UpProcent=0,5015;1000;100000;1105000;26000;2,4096;5000;0,4545;  ;   ;   ;   ;  ;1005;
V92;0176;BlankoAgent;initstate;CurPrice=1005.0 Ref.Price=994,00 UpProcent=1,1066;1000;100000;1097000;21000;1,9517;-3000;-0,2727;  ;   ;   ;   ;  ;997;
V92;0177;BlankoAgent;initstate;CurpPrice=997.0 Ref.Price=1002,00 DownProcent=0,499;1000;100000;1097000;21000;1,9517;-3000;-0,2727;  ;   ;   ;   ;  ;997;
V92;0178;BlankoAgent;initstate;CurPrice=997.0 Ref.Price=991,00 UpProcent=0,6054;1000;100000;1106000;17000;1,5611;6000;0,5455;  ;   ;   ;   ;  ;1006;
V92;0179;BlankoAgent;initstate;CurPrice=1006.0 Ref.Price=988,00 UpProcent=1,8219;1000;100000;1113000;29000;2,6753;13000;1,1818;  ;   ;   ;   ;  ;1013;
V92;0180;BlankoAgent;initstate;CurPrice=1013.0 Ref.Price=998,00 UpProcent=1,503;1000;100000;1103000;12000;1,0999;3000;0,2727;  ;   ;   ;   ;  ;1003;
V92;0181;BlankoAgent;initstate;CurPrice=1003.0 Ref.Price=1002,00 UpProcent=0,0998;1000;100000;1106000;25000;2,3127;6000;0,5455;  ;   ;   ;   ;  ;1006;
V92;0182;BlankoAgent;initstate;CurPrice=1006.0 Ref.Price=1005,00 UpProcent=0,0995;1000;100000;1104000;21000;1,9391;4000;0,3636;  ;   ;   ;   ;  ;1004;
V92;0183;BlankoAgent;initstate;CurPrice=1004.0 Ref.Price=997,00 UpProcent=0,7021;1000;100000;1102000;9000;0,8234;2000;0,1818;  ;   ;   ;   ;  ;1002;
V92;0184;BlankoAgent;initstate;CurPrice=1002.0 Ref.Price=997,00 UpProcent=0,5015;1000;100000;1105000;11000;1,0055;5000;0,4545;  ;   ;   ;   ;  ;1005;
V92;0185;BlankoAgent;initstate;CurpPrice=1005.0 Ref.Price=1006,00 DownProcent=0,0994;1000;100000;1107000;13000;1,1883;7000;0,6364;  ;   ;   ;   ;  ;1007;
V92;0186;BlankoAgent;initstate;CurpPrice=1007.0 Ref.Price=1013,00 DownProcent=0,5923;1000;100000;1101000;24000;2,2284;1000;0,0909;  ;   ;   ;   ;  ;1001;
V92;0187;BlankoAgent;initstate;CurpPrice=1001.0 Ref.Price=1003,00 DownProcent=0,1994;1000;100000;1090000;3000;0,276;-10000;-0,9091;  ;   ;   ;   ;  ;990;
V92;0188;BlankoAgent;initstate;CurpPrice=990.0 Ref.Price=1006,00 DownProcent=1,5905;1000;100000;1094000;-3000;-0,2735;-6000;-0,5455;  ;   ;   ;   ;  ;994;
V92;0189;BlankoAgent;initstate;CurpPrice=994.0 Ref.Price=1004,00 DownProcent=0,996;1000;100000;1094000;0;0,00;-6000;-0,5455;  ;   ;   ;   ;  ;994;
V92;0190;BlankoAgent;initstate;CurpPrice=994.0 Ref.Price=1002,00 DownProcent=0,7984;1000;100000;1079000;-23000;-2,0871;-21000;-1,9091;  ;   ;   ;   ;  ;979;
V92;0191;BlankoAgent;initstate;CurpPrice=979.0 Ref.Price=1005,00 DownProcent=2,5871;1000;100000;1078000;-13000;-1,1916;-22000;-2,00;  ;   ;   ;   ;  ;978;
V92;0192;BlankoAgent;initstate;CurpPrice=978.0 Ref.Price=1007,00 DownProcent=2,8798;1000;100000;1082000;-6000;-0,5515;-18000;-1,6364;  ;   ;   ;   ;  ;982;
V92;0193;BlankoAgent;initstate;CurpPrice=982.0 Ref.Price=1001,00 DownProcent=1,8981;1000;100000;1073000;-25000;-2,2769;-27000;-2,4545;  ;   ;   ;   ;  ;973;
V92;0194;BlankoAgent;initstate;CurpPrice=973.0 Ref.Price=990,00 DownProcent=1,7172;1000;100000;1086000;-16000;-1,4519;-14000;-1,2727;  ;   ;   ;   ;  ;986;
V92;0195;BlankoAgent;initstate;CurpPrice=986.0 Ref.Price=994,00 DownProcent=0,8048;1000;100000;1083000;-22000;-1,991;-17000;-1,5455;  ;   ;   ;   ;  ;983;
V92;0196;BlankoAgent;initstate;CurpPrice=983.0 Ref.Price=994,00 DownProcent=1,1066;1000;100000;1071000;-26000;-2,3701;-29000;-2,6364;  ;   ;   ;   ;  ;971;
V92;0197;BlankoAgent;initstate;CurpPrice=971.0 Ref.Price=979,00 DownProcent=0,8172;1000;100000;1087000;-10000;-0,9116;-13000;-1,1818;  ;   ;   ;   ;  ;987;
V92;0198;BlankoAgent;initstate;CurPrice=987.0 Ref.Price=978,00 UpProcent=0,9202;1000;100000;1079000;-27000;-2,4412;-21000;-1,9091;  ;   ;   ;   ;  ;979;
V92;0199;BlankoAgent;initstate;CurpPrice=979.0 Ref.Price=982,00 DownProcent=0,3055;1000;100000;1081000;-32000;-2,8751;-19000;-1,7273;  ;   ;   ;   ;  ;981;
V92;0200;BlankoAgent;initstate;CurPrice=981.0 Ref.Price=973,00 UpProcent=0,8222;1000;100000;1091000;-12000;-1,0879;-9000;-0,8182;  ;   ;   ;   ;  ;991;
V92;0201;BlankoAgent;initstate;CurPrice=991.0 Ref.Price=986,00 UpProcent=0,5071;1000;100000;1071000;-35000;-3,1646;-29000;-2,6364;  ;   ;   ;   ;  ;971;
V92;0202;BlankoAgent;initstate;CurpPrice=971.0 Ref.Price=983,00 DownProcent=1,2208;1000;100000;1078000;-26000;-2,3551;-22000;-2,00;  ;   ;   ;   ;  ;978;
V92;0203;BlankoAgent;initstate;CurPrice=978.0 Ref.Price=971,00 UpProcent=0,7209;1000;100000;1077000;-25000;-2,2686;-23000;-2,0909;  ;   ;   ;   ;  ;977;
V92;0204;BlankoAgent;initstate;CurpPrice=977.0 Ref.Price=987,00 DownProcent=1,0132;1000;100000;1080000;-25000;-2,2624;-20000;-1,8182;  ;   ;   ;   ;  ;980;
V92;0205;BlankoAgent;initstate;CurPrice=980.0 Ref.Price=979,00 UpProcent=0,1021;1000;100000;1089000;-18000;-1,626;-11000;-1,00;  ;   ;   ;   ;  ;989;
V92;0206;BlankoAgent;initstate;CurPrice=989.0 Ref.Price=981,00 UpProcent=0,8155;1000;100000;1082000;-19000;-1,7257;-18000;-1,6364;  ;   ;   ;   ;  ;982;
V92;0207;BlankoAgent;initstate;CurpPrice=982.0 Ref.Price=991,00 DownProcent=0,9082;1000;100000;1071000;-19000;-1,7431;-29000;-2,6364;  ;   ;   ;   ;  ;971;
V92;0208;BlankoAgent;initstate;CurpPrice=971.0 Ref.Price=971,00 DownProcent=0,00;1000;100000;1068000;-26000;-2,3766;-32000;-2,9091;  ;   ;   ;   ;  ;968;
V92;0209;BlankoAgent;initstate;CurpPrice=968.0 Ref.Price=978,00 DownProcent=1,0225;1000;100000;1064000;-30000;-2,7422;-36000;-3,2727;  ;   ;   ;   ;  ;964;
V92;0210;BlankoAgent;initstate;CurpPrice=964.0 Ref.Price=977,00 DownProcent=1,3306;1000;100000;1054000;-25000;-2,317;-46000;-4,1818;  ;   ;   ;   ;  ;954;
V92;0211;BlankoAgent;initstate;CurpPrice=954.0 Ref.Price=980,00 DownProcent=2,6531;1000;100000;1063000;-15000;-1,3915;-37000;-3,3636;  ;   ;   ;   ;  ;963;
V92;0212;BlankoAgent;initstate;CurpPrice=963.0 Ref.Price=989,00 DownProcent=2,6289;1000;100000;1075000;-7000;-0,647;-25000;-2,2727;  ;   ;   ;   ;  ;975;
V92;0213;BlankoAgent;initstate;CurpPrice=975.0 Ref.Price=982,00 DownProcent=0,7128;1000;100000;1069000;-4000;-0,3728;-31000;-2,8182;  ;   ;   ;   ;  ;969;
V92;0214;BlankoAgent;initstate;CurpPrice=969.0 Ref.Price=971,00 DownProcent=0,206;1000;100000;1078000;-8000;-0,7366;-22000;-2,00;  ;   ;   ;   ;  ;978;
V92;0215;BlankoAgent;initstate;CurPrice=978.0 Ref.Price=968,00 UpProcent=1,0331;1000;100000;1068000;-15000;-1,385;-32000;-2,9091;  ;   ;   ;   ;  ;968;
V92;0216;BlankoAgent;initstate;CurPrice=968.0 Ref.Price=964,00 UpProcent=0,4149;1000;100000;1082000;11000;1,0271;-18000;-1,6364;  ;   ;   ;   ;  ;982;
V92;0217;BlankoAgent;initstate;CurPrice=982.0 Ref.Price=954,00 UpProcent=2,935;1000;100000;1092000;5000;0,46;-8000;-0,7273;  ;   ;   ;   ;  ;992;
V92;0218;BlankoAgent;initstate;CurPrice=992.0 Ref.Price=963,00 UpProcent=3,0114;1000;100000;1102000;23000;2,1316;2000;0,1818;  ;   ;   ;   ;  ;1002;
V92;0219;BlankoAgent;initstate;CurPrice=1002.0 Ref.Price=975,00 UpProcent=2,7692;1000;100000;1105000;24000;2,2202;5000;0,4545;  ;   ;   ;   ;  ;1005;
V92;0220;BlankoAgent;initstate;CurPrice=1005.0 Ref.Price=969,00 UpProcent=3,7152;1000;100000;1105000;14000;1,2832;5000;0,4545;  ;   ;   ;   ;  ;1005;
V92;0221;BlankoAgent;initstate;CurPrice=1005.0 Ref.Price=978,00 UpProcent=2,7607;1000;100000;1104000;33000;3,0812;4000;0,3636;  ;   ;   ;   ;  ;1004;
V92;0222;BlankoAgent;initstate;CurPrice=1004.0 Ref.Price=968,00 UpProcent=3,719;1000;100000;1105000;27000;2,5046;5000;0,4545;  ;   ;   ;   ;  ;1005;
V92;0223;BlankoAgent;initstate;CurPrice=1005.0 Ref.Price=982,00 UpProcent=2,3422;1000;100000;1103000;26000;2,4141;3000;0,2727;  ;   ;   ;   ;  ;1003;
V92;0224;BlankoAgent;initstate;CurPrice=1003.0 Ref.Price=992,00 UpProcent=1,1089;1000;100000;1087000;7000;0,6481;-13000;-1,1818;  ;   ;   ;   ;  ;987;
V92;0225;BlankoAgent;initstate;CurpPrice=987.0 Ref.Price=1002,00 DownProcent=1,497;1000;100000;1080000;-9000;-0,8264;-20000;-1,8182;  ;   ;   ;   ;  ;980;
V92;0226;BlankoAgent;initstate;CurpPrice=980.0 Ref.Price=1005,00 DownProcent=2,4876;1000;100000;1078000;-4000;-0,3697;-22000;-2,00;  ;   ;   ;   ;  ;978;
V92;0227;BlankoAgent;initstate;CurpPrice=978.0 Ref.Price=1005,00 DownProcent=2,6866;1000;100000;1075000;4000;0,3735;-25000;-2,2727;  ;   ;   ;   ;  ;975;
V92;0228;BlankoAgent;initstate;CurpPrice=975.0 Ref.Price=1004,00 DownProcent=2,8884;1000;100000;1070000;2000;0,1873;-30000;-2,7273;  ;   ;   ;   ;  ;970;
V92;0229;BlankoAgent;initstate;CurpPrice=970.0 Ref.Price=1005,00 DownProcent=3,4826;1000;100000;1077000;13000;1,2218;-23000;-2,0909;  ;   ;   ;   ;  ;977;
V92;0230;BlankoAgent;initstate;CurpPrice=977.0 Ref.Price=1003,00 DownProcent=2,5922;1000;100000;1080000;26000;2,4668;-20000;-1,8182;  ;   ;   ;   ;  ;980;
V92;0231;BlankoAgent;initstate;CurpPrice=980.0 Ref.Price=987,00 DownProcent=0,7092;1000;100000;1087000;24000;2,2578;-13000;-1,1818;  ;   ;   ;   ;  ;987;
V92;0232;BlankoAgent;initstate;CurPrice=987.0 Ref.Price=980,00 UpProcent=0,7143;1000;100000;1080000;5000;0,4651;-20000;-1,8182;  ;   ;   ;   ;  ;980;
V92;0233;BlankoAgent;initstate;CurPrice=980.0 Ref.Price=978,00 UpProcent=0,2045;1000;100000;1079000;10000;0,9355;-21000;-1,9091;  ;   ;   ;   ;  ;979;
V92;0234;BlankoAgent;initstate;CurPrice=979.0 Ref.Price=975,00 UpProcent=0,4103;1000;100000;1071000;-7000;-0,6494;-29000;-2,6364;  ;   ;   ;   ;  ;971;
V92;0235;BlankoAgent;initstate;CurPrice=971.0 Ref.Price=970,00 UpProcent=0,1031;1000;100000;1078000;10000;0,9363;-22000;-2,00;  ;   ;   ;   ;  ;978;
V92;0236;BlankoAgent;initstate;CurPrice=978.0 Ref.Price=977,00 UpProcent=0,1024;1000;100000;1086000;4000;0,3697;-14000;-1,2727;  ;   ;   ;   ;  ;986;
V92;0237;BlankoAgent;initstate;CurPrice=986.0 Ref.Price=980,00 UpProcent=0,6122;1000;100000;1079000;-13000;-1,1905;-21000;-1,9091;  ;   ;   ;   ;  ;979;
V92;0238;BlankoAgent;initstate;CurpPrice=979.0 Ref.Price=987,00 DownProcent=0,8105;1000;100000;1072000;-30000;-2,7223;-28000;-2,5455;  ;   ;   ;   ;  ;972;
V92;0239;BlankoAgent;initstate;CurpPrice=972.0 Ref.Price=980,00 DownProcent=0,8163;1000;100000;1072000;-33000;-2,9864;-28000;-2,5455;  ;   ;   ;   ;  ;972;
V92;0240;BlankoAgent;initstate;CurpPrice=972.0 Ref.Price=979,00 DownProcent=0,715;1000;100000;1080000;-25000;-2,2624;-20000;-1,8182;  ;   ;   ;   ;  ;980;
V92;0241;BlankoAgent;initstate;CurPrice=980.0 Ref.Price=971,00 UpProcent=0,9269;1000;100000;1077000;-27000;-2,4457;-23000;-2,0909;  ;   ;   ;   ;  ;977;
V92;0242;BlankoAgent;initstate;CurpPrice=977.0 Ref.Price=978,00 DownProcent=0,1022;1000;100000;1084000;-21000;-1,9005;-16000;-1,4545;  ;   ;   ;   ;  ;984;
V92;0243;BlankoAgent;initstate;CurpPrice=984.0 Ref.Price=986,00 DownProcent=0,2028;1000;100000;1081000;-22000;-1,9946;-19000;-1,7273;  ;   ;   ;   ;  ;981;
V92;0244;BlankoAgent;initstate;CurPrice=981.0 Ref.Price=979,00 UpProcent=0,2043;1000;100000;1080000;-7000;-0,644;-20000;-1,8182;  ;   ;   ;   ;  ;980;
V92;0245;BlankoAgent;initstate;CurPrice=980.0 Ref.Price=972,00 UpProcent=0,823;1000;100000;1074000;-6000;-0,5556;-26000;-2,3636;  ;   ;   ;   ;  ;974;
V92;0246;BlankoAgent;initstate;CurPrice=974.0 Ref.Price=972,00 UpProcent=0,2058;1000;100000;1068000;-10000;-0,9276;-32000;-2,9091;  ;   ;   ;   ;  ;968;
V92;0247;BlankoAgent;initstate;CurpPrice=968.0 Ref.Price=980,00 DownProcent=1,2245;1000;100000;1058000;-17000;-1,5814;-42000;-3,8182;  ;   ;   ;   ;  ;958;
V92;0248;BlankoAgent;initstate;CurpPrice=958.0 Ref.Price=977,00 DownProcent=1,9447;1000;100000;1054000;-16000;-1,4953;-46000;-4,1818;  ;   ;   ;   ;  ;954;
V92;0249;BlankoAgent;initstate;CurpPrice=954.0 Ref.Price=984,00 DownProcent=3,0488;1000;100000;1060000;-17000;-1,5785;-40000;-3,6364;  ;   ;   ;   ;  ;960;
V92;0250;BlankoAgent;initstate;CurpPrice=960.0 Ref.Price=981,00 DownProcent=2,1407;1000;100000;1065000;-15000;-1,3889;-35000;-3,1818;  ;   ;   ;   ;  ;965;
V92;0251;BlankoAgent;initstate;CurpPrice=965.0 Ref.Price=980,00 DownProcent=1,5306;1000;100000;1069000;-18000;-1,6559;-31000;-2,8182;  ;   ;   ;   ;  ;969;
V92;0252;BlankoAgent;initstate;CurpPrice=969.0 Ref.Price=974,00 DownProcent=0,5133;1000;100000;1062000;-18000;-1,6667;-38000;-3,4545;  ;   ;   ;   ;  ;962;
V92;0253;BlankoAgent;initstate;CurpPrice=962.0 Ref.Price=968,00 DownProcent=0,6198;1000;100000;1063000;-16000;-1,4829;-37000;-3,3636;  ;   ;   ;   ;  ;963;
V92;0254;BlankoAgent;initstate;CurPrice=963.0 Ref.Price=958,00 UpProcent=0,5219;1000;100000;1073000;2000;0,1867;-27000;-2,4545;  ;   ;   ;   ;  ;973;
V92;0255;BlankoAgent;initstate;CurPrice=973.0 Ref.Price=954,00 UpProcent=1,9916;1000;100000;1073000;-5000;-0,4638;-27000;-2,4545;  ;   ;   ;   ;  ;973;
V92;0256;BlankoAgent;initstate;CurPrice=973.0 Ref.Price=960,00 UpProcent=1,3542;1000;100000;1082000;-4000;-0,3683;-18000;-1,6364;  ;   ;   ;   ;  ;982;
V92;0257;BlankoAgent;initstate;CurPrice=982.0 Ref.Price=965,00 UpProcent=1,7617;1000;100000;1092000;13000;1,2048;-8000;-0,7273;  ;   ;   ;   ;  ;992;
V92;0258;BlankoAgent;initstate;CurPrice=992.0 Ref.Price=969,00 UpProcent=2,3736;1000;100000;1092000;20000;1,8657;-8000;-0,7273;  ;   ;   ;   ;  ;992;
V92;0259;BlankoAgent;initstate;CurPrice=992.0 Ref.Price=962,00 UpProcent=3,1185;1000;100000;1102000;30000;2,7985;2000;0,1818;  ;   ;   ;   ;  ;1002;
V92;0260;BlankoAgent;initstate;CurPrice=1002.0 Ref.Price=963,00 UpProcent=4,0498;1000;100000;1108000;28000;2,5926;8000;0,7273;  ;   ;   ;   ;  ;1008;
V92;0261;BlankoAgent;initstate;CurPrice=1008.0 Ref.Price=973,00 UpProcent=3,5971;1000;100000;1109000;32000;2,9712;9000;0,8182;  ;   ;   ;   ;  ;1009;
V92;0262;BlankoAgent;initstate;CurPrice=1009.0 Ref.Price=973,00 UpProcent=3,6999;1000;100000;1098000;14000;1,2915;-2000;-0,1818;  ;   ;   ;   ;  ;998;
V92;0263;BlankoAgent;initstate;CurPrice=998.0 Ref.Price=982,00 UpProcent=1,6293;1000;100000;1100000;19000;1,7576;0;0,00;  ;   ;   ;   ;  ;1000;
V92;0264;BlankoAgent;initstate;CurPrice=1000.0 Ref.Price=992,00 UpProcent=0,8065;1000;100000;1102000;22000;2,037;2000;0,1818;  ;   ;   ;   ;  ;1002;
V92;0265;BlankoAgent;initstate;CurPrice=1002.0 Ref.Price=992,00 UpProcent=1,0081;1000;100000;1094000;20000;1,8622;-6000;-0,5455;  ;   ;   ;   ;  ;994;
V92;0266;BlankoAgent;initstate;CurpPrice=994.0 Ref.Price=1002,00 DownProcent=0,7984;1000;100000;1093000;25000;2,3408;-7000;-0,6364;  ;   ;   ;   ;  ;993;
V92;0267;BlankoAgent;initstate;CurpPrice=993.0 Ref.Price=1008,00 DownProcent=1,4881;1000;100000;1096000;38000;3,5917;-4000;-0,3636;  ;   ;   ;   ;  ;996;
V92;0268;BlankoAgent;initstate;CurpPrice=996.0 Ref.Price=1009,00 DownProcent=1,2884;1000;100000;1104000;50000;4,7438;4000;0,3636;  ;   ;   ;   ;  ;1004;
V92;0269;BlankoAgent;initstate;CurPrice=1004.0 Ref.Price=998,00 UpProcent=0,6012;1000;100000;1098000;38000;3,5849;-2000;-0,1818;  ;   ;   ;   ;  ;998;
V92;0270;BlankoAgent;initstate;CurpPrice=998.0 Ref.Price=1000,00 DownProcent=0,20;1000;100000;1098000;33000;3,0986;-2000;-0,1818;  ;   ;   ;   ;  ;998;
V92;0271;BlankoAgent;initstate;CurpPrice=998.0 Ref.Price=1002,00 DownProcent=0,3992;1000;100000;1088000;19000;1,7774;-12000;-1,0909;  ;   ;   ;   ;  ;988;
V92;0272;BlankoAgent;initstate;CurpPrice=988.0 Ref.Price=994,00 DownProcent=0,6036;1000;100000;1087000;25000;2,354;-13000;-1,1818;  ;   ;   ;   ;  ;987;
V92;0273;BlankoAgent;initstate;CurpPrice=987.0 Ref.Price=993,00 DownProcent=0,6042;1000;100000;1088000;25000;2,3518;-12000;-1,0909;  ;   ;   ;   ;  ;988;
V92;0274;BlankoAgent;initstate;CurpPrice=988.0 Ref.Price=996,00 DownProcent=0,8032;1000;100000;1099000;26000;2,4231;-1000;-0,0909;  ;   ;   ;   ;  ;999;
V92;0275;BlankoAgent;initstate;CurpPrice=999.0 Ref.Price=1004,00 DownProcent=0,498;1000;100000;1095000;22000;2,0503;-5000;-0,4545;  ;   ;   ;   ;  ;995;
V92;0276;BlankoAgent;initstate;CurpPrice=995.0 Ref.Price=998,00 DownProcent=0,3006;1000;100000;1104000;22000;2,0333;4000;0,3636;  ;   ;   ;   ;  ;1004;
V92;0277;BlankoAgent;initstate;CurPrice=1004.0 Ref.Price=998,00 UpProcent=0,6012;1000;100000;1121000;29000;2,6557;21000;1,9091;  ;   ;   ;   ;  ;1021;
V92;0278;BlankoAgent;initstate;CurPrice=1021.0 Ref.Price=988,00 UpProcent=3,3401;1000;100000;1114000;22000;2,0147;14000;1,2727;  ;   ;   ;   ;  ;1014;
V92;0279;BlankoAgent;initstate;CurPrice=1014.0 Ref.Price=987,00 UpProcent=2,7356;1000;100000;1120000;18000;1,6334;20000;1,8182;  ;   ;   ;   ;  ;1020;
V92;0280;BlankoAgent;initstate;CurPrice=1020.0 Ref.Price=988,00 UpProcent=3,2389;1000;100000;1124000;16000;1,444;24000;2,1818;  ;   ;   ;   ;  ;1024;
V92;0281;BlankoAgent;initstate;CurPrice=1024.0 Ref.Price=999,00 UpProcent=2,5025;1000;100000;1128000;19000;1,7133;28000;2,5455;  ;   ;   ;   ;  ;1028;
V92;0282;BlankoAgent;initstate;CurPrice=1028.0 Ref.Price=995,00 UpProcent=3,3166;1000;100000;1120000;22000;2,0036;20000;1,8182;  ;   ;   ;   ;  ;1020;
V92;0283;BlankoAgent;initstate;CurPrice=1020.0 Ref.Price=1004,00 UpProcent=1,5936;1000;100000;1120000;20000;1,8182;20000;1,8182;  ;   ;   ;   ;  ;1020;
V92;0284;BlankoAgent;initstate;CurpPrice=1020.0 Ref.Price=1021,00 DownProcent=0,0979;1000;100000;1129000;27000;2,4501;29000;2,6364;  ;   ;   ;   ;  ;1029;
V92;0285;BlankoAgent;initstate;CurPrice=1029.0 Ref.Price=1014,00 UpProcent=1,4793;1000;100000;1126000;32000;2,925;26000;2,3636;  ;   ;   ;   ;  ;1026;
V92;0286;BlankoAgent;initstate;CurPrice=1026.0 Ref.Price=1020,00 UpProcent=0,5882;1000;100000;1130000;37000;3,3852;30000;2,7273;  ;   ;   ;   ;  ;1030;
V92;0287;BlankoAgent;initstate;CurPrice=1030.0 Ref.Price=1024,00 UpProcent=0,5859;1000;100000;1122000;26000;2,3723;22000;2,00;  ;   ;   ;   ;  ;1022;
V92;0288;BlankoAgent;initstate;CurpPrice=1022.0 Ref.Price=1028,00 DownProcent=0,5837;1000;100000;1120000;16000;1,4493;20000;1,8182;  ;   ;   ;   ;  ;1020;
V92;0289;BlankoAgent;initstate;CurpPrice=1020.0 Ref.Price=1020,00 DownProcent=0,00;1000;100000;1109000;11000;1,0018;9000;0,8182;  ;   ;   ;   ;  ;1009;
V92;0290;BlankoAgent;initstate;CurpPrice=1009.0 Ref.Price=1020,00 DownProcent=1,0784;1000;100000;1100000;2000;0,1821;0;0,00;  ;   ;   ;   ;  ;1000;
V92;0291;BlankoAgent;initstate;CurpPrice=1000.0 Ref.Price=1029,00 DownProcent=2,8183;1000;100000;1105000;17000;1,5625;5000;0,4545;  ;   ;   ;   ;  ;1005;
V92;0292;BlankoAgent;initstate;CurpPrice=1005.0 Ref.Price=1026,00 DownProcent=2,0468;1000;100000;1105000;18000;1,6559;5000;0,4545;  ;   ;   ;   ;  ;1005;
V92;0293;BlankoAgent;initstate;CurpPrice=1005.0 Ref.Price=1030,00 DownProcent=2,4272;1000;100000;1106000;18000;1,6544;6000;0,5455;  ;   ;   ;   ;  ;1006;
V92;0294;BlankoAgent;initstate;CurpPrice=1006.0 Ref.Price=1022,00 DownProcent=1,5656;1000;100000;1111000;12000;1,0919;11000;1,00;  ;   ;   ;   ;  ;1011;
V92;0295;BlankoAgent;initstate;CurpPrice=1011.0 Ref.Price=1020,00 DownProcent=0,8824;1000;100000;1103000;8000;0,7306;3000;0,2727;  ;   ;   ;   ;  ;1003;
V92;0296;BlankoAgent;initstate;CurpPrice=1003.0 Ref.Price=1009,00 DownProcent=0,5946;1000;100000;1101000;-3000;-0,2717;1000;0,0909;  ;   ;   ;   ;  ;1001;
V92;0297;BlankoAgent;initstate;CurPrice=1001.0 Ref.Price=1000,00 UpProcent=0,10;1000;100000;1095000;-26000;-2,3194;-5000;-0,4545;  ;   ;   ;   ;  ;995;
V92;0298;BlankoAgent;initstate;CurpPrice=995.0 Ref.Price=1005,00 DownProcent=0,995;1000;100000;1094000;-20000;-1,7953;-6000;-0,5455;  ;   ;   ;   ;  ;994;
V92;0299;BlankoAgent;initstate;CurpPrice=994.0 Ref.Price=1005,00 DownProcent=1,0945;1000;100000;1099000;-21000;-1,875;-1000;-0,0909;  ;   ;   ;   ;  ;999;
V92;0300;BlankoAgent;initstate;CurpPrice=999.0 Ref.Price=1006,00 DownProcent=0,6958;1000;100000;1108000;-16000;-1,4235;8000;0,7273;  ;   ;   ;   ;  ;1008;
V92;0301;BlankoAgent;initstate;CurpPrice=1008.0 Ref.Price=1011,00 DownProcent=0,2967;1000;100000;1099000;-29000;-2,5709;-1000;-0,0909;  ;   ;   ;   ;  ;999;
V92;0302;BlankoAgent;initstate;CurpPrice=999.0 Ref.Price=1003,00 DownProcent=0,3988;1000;100000;1091000;-29000;-2,5893;-9000;-0,8182;  ;   ;   ;   ;  ;991;
V92;0303;BlankoAgent;initstate;CurpPrice=991.0 Ref.Price=1001,00 DownProcent=0,999;1000;100000;1085000;-35000;-3,125;-15000;-1,3636;  ;   ;   ;   ;  ;985;
V92;0304;BlankoAgent;initstate;CurpPrice=985.0 Ref.Price=995,00 DownProcent=1,005;1000;100000;1088000;-41000;-3,6315;-12000;-1,0909;  ;   ;   ;   ;  ;988;
V92;0305;BlankoAgent;initstate;CurpPrice=988.0 Ref.Price=994,00 DownProcent=0,6036;1000;100000;1094000;-32000;-2,8419;-6000;-0,5455;  ;   ;   ;   ;  ;994;
V92;0306;BlankoAgent;initstate;CurpPrice=994.0 Ref.Price=999,00 DownProcent=0,5005;1000;100000;1087000;-43000;-3,8053;-13000;-1,1818;  ;   ;   ;   ;  ;987;
V92;0307;BlankoAgent;initstate;CurpPrice=987.0 Ref.Price=1008,00 DownProcent=2,0833;1000;100000;1090000;-32000;-2,852;-10000;-0,9091;  ;   ;   ;   ;  ;990;
V92;0308;BlankoAgent;initstate;CurpPrice=990.0 Ref.Price=999,00 DownProcent=0,9009;1000;100000;1089000;-31000;-2,7679;-11000;-1,00;  ;   ;   ;   ;  ;989;
V92;0309;BlankoAgent;initstate;CurpPrice=989.0 Ref.Price=991,00 DownProcent=0,2018;1000;100000;1086000;-23000;-2,0739;-14000;-1,2727;  ;   ;   ;   ;  ;986;
V92;0310;BlankoAgent;initstate;CurPrice=986.0 Ref.Price=985,00 UpProcent=0,1015;1000;100000;1080000;-20000;-1,8182;-20000;-1,8182;  ;   ;   ;   ;  ;980;
V92;0311;BlankoAgent;initstate;CurpPrice=980.0 Ref.Price=988,00 DownProcent=0,8097;1000;100000;1070000;-35000;-3,1674;-30000;-2,7273;  ;   ;   ;   ;  ;970;
V92;0312;BlankoAgent;initstate;CurpPrice=970.0 Ref.Price=994,00 DownProcent=2,4145;1000;100000;1076000;-29000;-2,6244;-24000;-2,1818;  ;   ;   ;   ;  ;976;
V92;0313;BlankoAgent;initstate;CurpPrice=976.0 Ref.Price=987,00 DownProcent=1,1145;1000;100000;1071000;-35000;-3,1646;-29000;-2,6364;  ;   ;   ;   ;  ;971;
V92;0314;BlankoAgent;initstate;CurpPrice=971.0 Ref.Price=990,00 DownProcent=1,9192;1000;100000;1077000;-34000;-3,0603;-23000;-2,0909;  ;   ;   ;   ;  ;977;
V92;0315;BlankoAgent;initstate;CurpPrice=977.0 Ref.Price=989,00 DownProcent=1,2133;1000;100000;1081000;-22000;-1,9946;-19000;-1,7273;  ;   ;   ;   ;  ;981;
V92;0316;BlankoAgent;initstate;CurpPrice=981.0 Ref.Price=986,00 DownProcent=0,5071;1000;100000;1072000;-29000;-2,634;-28000;-2,5455;  ;   ;   ;   ;  ;972;
V92;0317;BlankoAgent;initstate;CurpPrice=972.0 Ref.Price=980,00 DownProcent=0,8163;1000;100000;1072000;-23000;-2,1005;-28000;-2,5455;  ;   ;   ;   ;  ;972;
V92;0318;BlankoAgent;initstate;CurPrice=972.0 Ref.Price=970,00 UpProcent=0,2062;1000;100000;1078000;-16000;-1,4625;-22000;-2,00;  ;   ;   ;   ;  ;978;
V92;0319;BlankoAgent;initstate;CurPrice=978.0 Ref.Price=976,00 UpProcent=0,2049;1000;100000;1078000;-21000;-1,9108;-22000;-2,00;  ;   ;   ;   ;  ;978;
V92;0320;BlankoAgent;initstate;CurPrice=978.0 Ref.Price=971,00 UpProcent=0,7209;1000;100000;1080000;-28000;-2,5271;-20000;-1,8182;  ;   ;   ;   ;  ;980;
V92;0321;BlankoAgent;initstate;CurPrice=980.0 Ref.Price=977,00 UpProcent=0,3071;1000;100000;1078000;-21000;-1,9108;-22000;-2,00;  ;   ;   ;   ;  ;978;
V92;0322;BlankoAgent;initstate;CurpPrice=978.0 Ref.Price=981,00 DownProcent=0,3058;1000;100000;1083000;-8000;-0,7333;-17000;-1,5455;  ;   ;   ;   ;  ;983;
V92;0323;BlankoAgent;initstate;CurPrice=983.0 Ref.Price=972,00 UpProcent=1,1317;1000;100000;1085000;0;0,00;-15000;-1,3636;  ;   ;   ;   ;  ;985;
V92;0324;BlankoAgent;initstate;CurPrice=985.0 Ref.Price=972,00 UpProcent=1,3374;1000;100000;1085000;-3000;-0,2757;-15000;-1,3636;  ;   ;   ;   ;  ;985;
V92;0325;BlankoAgent;initstate;CurPrice=985.0 Ref.Price=978,00 UpProcent=0,7157;1000;100000;1088000;-6000;-0,5484;-12000;-1,0909;  ;   ;   ;   ;  ;988;
V92;0326;BlankoAgent;initstate;CurPrice=988.0 Ref.Price=978,00 UpProcent=1,0225;1000;100000;1078000;-9000;-0,828;-22000;-2,00;  ;   ;   ;   ;  ;978;
V92;0327;BlankoAgent;initstate;CurpPrice=978.0 Ref.Price=980,00 DownProcent=0,2041;1000;100000;1093000;3000;0,2752;-7000;-0,6364;  ;   ;   ;   ;  ;993;
V92;0328;BlankoAgent;initstate;CurPrice=993.0 Ref.Price=978,00 UpProcent=1,5337;1000;100000;1094000;5000;0,4591;-6000;-0,5455;  ;   ;   ;   ;  ;994;
V92;0329;BlankoAgent;initstate;CurPrice=994.0 Ref.Price=983,00 UpProcent=1,119;1000;100000;1097000;11000;1,0129;-3000;-0,2727;  ;   ;   ;   ;  ;997;
V92;0330;BlankoAgent;initstate;CurPrice=997.0 Ref.Price=985,00 UpProcent=1,2183;1000;100000;1096000;16000;1,4815;-4000;-0,3636;  ;   ;   ;   ;  ;996;
V92;0331;BlankoAgent;initstate;CurPrice=996.0 Ref.Price=985,00 UpProcent=1,1168;1000;100000;1096000;26000;2,4299;-4000;-0,3636;  ;   ;   ;   ;  ;996;
V92;0332;BlankoAgent;initstate;CurPrice=996.0 Ref.Price=988,00 UpProcent=0,8097;1000;100000;1096000;20000;1,8587;-4000;-0,3636;  ;   ;   ;   ;  ;996;
V92;0333;BlankoAgent;initstate;CurPrice=996.0 Ref.Price=978,00 UpProcent=1,8405;1000;100000;1100000;29000;2,7077;0;0,00;  ;   ;   ;   ;  ;1000;
V92;0334;BlankoAgent;initstate;CurPrice=1000.0 Ref.Price=993,00 UpProcent=0,7049;1000;100000;1106000;29000;2,6927;6000;0,5455;  ;   ;   ;   ;  ;1006;
V92;0335;BlankoAgent;initstate;CurPrice=1006.0 Ref.Price=994,00 UpProcent=1,2072;1000;100000;1108000;27000;2,4977;8000;0,7273;  ;   ;   ;   ;  ;1008;
V92;0336;BlankoAgent;initstate;CurPrice=1008.0 Ref.Price=997,00 UpProcent=1,1033;1000;100000;1107000;35000;3,2649;7000;0,6364;  ;   ;   ;   ;  ;1007;
V92;0337;BlankoAgent;initstate;CurPrice=1007.0 Ref.Price=996,00 UpProcent=1,1044;1000;100000;1108000;36000;3,3582;8000;0,7273;  ;   ;   ;   ;  ;1008;
V92;0338;BlankoAgent;initstate;CurPrice=1008.0 Ref.Price=996,00 UpProcent=1,2048;1000;100000;1111000;33000;3,0612;11000;1,00;  ;   ;   ;   ;  ;1011;
V92;0339;BlankoAgent;initstate;CurPrice=1011.0 Ref.Price=996,00 UpProcent=1,506;1000;100000;1110000;32000;2,9685;10000;0,9091;  ;   ;   ;   ;  ;1010;
V92;0340;BlankoAgent;initstate;CurPrice=1010.0 Ref.Price=1000,00 UpProcent=1,00;1000;100000;1111000;31000;2,8704;11000;1,00;  ;   ;   ;   ;  ;1011;
V92;0341;BlankoAgent;initstate;CurPrice=1011.0 Ref.Price=1006,00 UpProcent=0,497;1000;100000;1113000;35000;3,2468;13000;1,1818;  ;   ;   ;   ;  ;1013;
V92;0342;BlankoAgent;initstate;CurPrice=1013.0 Ref.Price=1008,00 UpProcent=0,496;1000;100000;1114000;31000;2,8624;14000;1,2727;  ;   ;   ;   ;  ;1014;
V92;0343;BlankoAgent;initstate;CurPrice=1014.0 Ref.Price=1007,00 UpProcent=0,6951;1000;100000;1116000;31000;2,8571;16000;1,4545;  ;   ;   ;   ;  ;1016;
V92;0344;BlankoAgent;initstate;CurPrice=1016.0 Ref.Price=1008,00 UpProcent=0,7937;1000;100000;1110000;25000;2,3041;10000;0,9091;  ;   ;   ;   ;  ;1010;
V92;0345;BlankoAgent;initstate;CurpPrice=1010.0 Ref.Price=1011,00 DownProcent=0,0989;1000;100000;1106000;18000;1,6544;6000;0,5455;  ;   ;   ;   ;  ;1006;
V92;0346;BlankoAgent;initstate;CurpPrice=1006.0 Ref.Price=1010,00 DownProcent=0,396;1000;100000;1100000;22000;2,0408;0;0,00;  ;   ;   ;   ;  ;1000;
V92;0347;BlankoAgent;initstate;CurpPrice=1000.0 Ref.Price=1011,00 DownProcent=1,088;1000;100000;1095000;2000;0,183;-5000;-0,4545;  ;   ;   ;   ;  ;995;
V92;0348;BlankoAgent;initstate;CurpPrice=995.0 Ref.Price=1013,00 DownProcent=1,7769;1000;100000;1099000;5000;0,457;-1000;-0,0909;  ;   ;   ;   ;  ;999;
V92;0349;BlankoAgent;initstate;CurpPrice=999.0 Ref.Price=1014,00 DownProcent=1,4793;1000;100000;1095000;-2000;-0,1823;-5000;-0,4545;  ;   ;   ;   ;  ;995;
V92;0350;BlankoAgent;initstate;CurpPrice=995.0 Ref.Price=1016,00 DownProcent=2,0669;1000;100000;1101000;5000;0,4562;1000;0,0909;  ;   ;   ;   ;  ;1001;
V92;0351;BlankoAgent;initstate;CurpPrice=1001.0 Ref.Price=1010,00 DownProcent=0,8911;1000;100000;1101000;5000;0,4562;1000;0,0909;  ;   ;   ;   ;  ;1001;
V92;0352;BlankoAgent;initstate;CurpPrice=1001.0 Ref.Price=1006,00 DownProcent=0,497;1000;100000;1097000;1000;0,0912;-3000;-0,2727;  ;   ;   ;   ;  ;997;
V92;0353;BlankoAgent;initstate;CurpPrice=997.0 Ref.Price=1000,00 DownProcent=0,30;1000;100000;1096000;-4000;-0,3636;-4000;-0,3636;  ;   ;   ;   ;  ;996;
V92;0354;BlankoAgent;initstate;CurPrice=996.0 Ref.Price=995,00 UpProcent=0,1005;1000;100000;1094000;-12000;-1,085;-6000;-0,5455;  ;   ;   ;   ;  ;994;
V92;0355;BlankoAgent;initstate;CurpPrice=994.0 Ref.Price=999,00 DownProcent=0,5005;1000;100000;1097000;-11000;-0,9928;-3000;-0,2727;  ;   ;   ;   ;  ;997;
V92;0356;BlankoAgent;initstate;CurPrice=997.0 Ref.Price=995,00 UpProcent=0,201;1000;100000;1091000;-16000;-1,4453;-9000;-0,8182;  ;   ;   ;   ;  ;991;
V92;0357;BlankoAgent;initstate;CurpPrice=991.0 Ref.Price=1001,00 DownProcent=0,999;1000;100000;1081000;-27000;-2,4368;-19000;-1,7273;  ;   ;   ;   ;  ;981;
V92;0358;BlankoAgent;initstate;CurpPrice=981.0 Ref.Price=1001,00 DownProcent=1,998;1000;100000;1082000;-29000;-2,6103;-18000;-1,6364;  ;   ;   ;   ;  ;982;
V92;0359;BlankoAgent;initstate;CurpPrice=982.0 Ref.Price=997,00 DownProcent=1,5045;1000;100000;1085000;-25000;-2,2523;-15000;-1,3636;  ;   ;   ;   ;  ;985;
V92;0360;BlankoAgent;initstate;CurpPrice=985.0 Ref.Price=996,00 DownProcent=1,1044;1000;100000;1094000;-17000;-1,5302;-6000;-0,5455;  ;   ;   ;   ;  ;994;
V92;0361;BlankoAgent;initstate;CurpPrice=994.0 Ref.Price=994,00 DownProcent=0,00;1000;100000;1096000;-17000;-1,5274;-4000;-0,3636;  ;   ;   ;   ;  ;996;
V92;0362;BlankoAgent;initstate;CurpPrice=996.0 Ref.Price=997,00 DownProcent=0,1003;1000;100000;1090000;-24000;-2,1544;-10000;-0,9091;  ;   ;   ;   ;  ;990;
V92;0363;BlankoAgent;initstate;CurpPrice=990.0 Ref.Price=991,00 DownProcent=0,1009;1000;100000;1079000;-37000;-3,3154;-21000;-1,9091;  ;   ;   ;   ;  ;979;
V92;0364;BlankoAgent;initstate;CurpPrice=979.0 Ref.Price=981,00 DownProcent=0,2039;1000;100000;1088000;-22000;-1,982;-12000;-1,0909;  ;   ;   ;   ;  ;988;
V92;0365;BlankoAgent;initstate;CurPrice=988.0 Ref.Price=982,00 UpProcent=0,611;1000;100000;1081000;-25000;-2,2604;-19000;-1,7273;  ;   ;   ;   ;  ;981;
V92;0366;BlankoAgent;initstate;CurpPrice=981.0 Ref.Price=985,00 DownProcent=0,4061;1000;100000;1077000;-23000;-2,0909;-23000;-2,0909;  ;   ;   ;   ;  ;977;
V92;0367;BlankoAgent;initstate;CurpPrice=977.0 Ref.Price=994,00 DownProcent=1,7103;1000;100000;1088000;-7000;-0,6393;-12000;-1,0909;  ;   ;   ;   ;  ;988;
V92;0368;BlankoAgent;initstate;CurpPrice=988.0 Ref.Price=996,00 DownProcent=0,8032;1000;100000;1084000;-15000;-1,3649;-16000;-1,4545;  ;   ;   ;   ;  ;984;
V92;0369;BlankoAgent;initstate;CurpPrice=984.0 Ref.Price=990,00 DownProcent=0,6061;1000;100000;1099000;4000;0,3653;-1000;-0,0909;  ;   ;   ;   ;  ;999;
V92;0370;BlankoAgent;initstate;CurPrice=999.0 Ref.Price=979,00 UpProcent=2,0429;1000;100000;1110000;9000;0,8174;10000;0,9091;  ;   ;   ;   ;  ;1010;
V92;0371;BlankoAgent;initstate;CurPrice=1010.0 Ref.Price=988,00 UpProcent=2,2267;1000;100000;1110000;9000;0,8174;10000;0,9091;  ;   ;   ;   ;  ;1010;
V92;0372;BlankoAgent;initstate;CurPrice=1010.0 Ref.Price=981,00 UpProcent=2,9562;1000;100000;1098000;1000;0,0912;-2000;-0,1818;  ;   ;   ;   ;  ;998;
V92;0373;BlankoAgent;initstate;CurPrice=998.0 Ref.Price=977,00 UpProcent=2,1494;1000;100000;1096000;0;0,00;-4000;-0,3636;  ;   ;   ;   ;  ;996;
V92;0374;BlankoAgent;initstate;CurPrice=996.0 Ref.Price=988,00 UpProcent=0,8097;1000;100000;1103000;9000;0,8227;3000;0,2727;  ;   ;   ;   ;  ;1003;
V92;0375;BlankoAgent;initstate;CurPrice=1003.0 Ref.Price=984,00 UpProcent=1,9309;1000;100000;1107000;10000;0,9116;7000;0,6364;  ;   ;   ;   ;  ;1007;
V92;0376;BlankoAgent;initstate;CurPrice=1007.0 Ref.Price=999,00 UpProcent=0,8008;1000;100000;1104000;13000;1,1916;4000;0,3636;  ;   ;   ;   ;  ;1004;
V92;0377;BlankoAgent;initstate;CurpPrice=1004.0 Ref.Price=1010,00 DownProcent=0,5941;1000;100000;1117000;36000;3,3302;17000;1,5455;  ;   ;   ;   ;  ;1017;
V92;0378;BlankoAgent;initstate;CurPrice=1017.0 Ref.Price=1010,00 UpProcent=0,6931;1000;100000;1121000;39000;3,6044;21000;1,9091;  ;   ;   ;   ;  ;1021;
V92;0379;BlankoAgent;initstate;CurPrice=1021.0 Ref.Price=998,00 UpProcent=2,3046;1000;100000;1123000;38000;3,5023;23000;2,0909;  ;   ;   ;   ;  ;1023;
V92;0380;BlankoAgent;initstate;CurPrice=1023.0 Ref.Price=996,00 UpProcent=2,7108;1000;100000;1114000;20000;1,8282;14000;1,2727;  ;   ;   ;   ;  ;1014;
V92;0381;BlankoAgent;initstate;CurPrice=1014.0 Ref.Price=1003,00 UpProcent=1,0967;1000;100000;1121000;25000;2,281;21000;1,9091;  ;   ;   ;   ;  ;1021;
V92;0382;BlankoAgent;initstate;CurPrice=1021.0 Ref.Price=1007,00 UpProcent=1,3903;1000;100000;1114000;24000;2,2018;14000;1,2727;  ;   ;   ;   ;  ;1014;
V92;0383;BlankoAgent;initstate;CurPrice=1014.0 Ref.Price=1004,00 UpProcent=0,996;1000;100000;1108000;29000;2,6877;8000;0,7273;  ;   ;   ;   ;  ;1008;
V92;0384;BlankoAgent;initstate;CurpPrice=1008.0 Ref.Price=1017,00 DownProcent=0,885;1000;100000;1114000;26000;2,3897;14000;1,2727;  ;   ;   ;   ;  ;1014;
V92;0385;BlankoAgent;initstate;CurpPrice=1014.0 Ref.Price=1021,00 DownProcent=0,6856;1000;100000;1116000;35000;3,2377;16000;1,4545;  ;   ;   ;   ;  ;1016;
V92;0386;BlankoAgent;initstate;CurpPrice=1016.0 Ref.Price=1023,00 DownProcent=0,6843;1000;100000;1123000;46000;4,2711;23000;2,0909;  ;   ;   ;   ;  ;1023;
V92;0387;BlankoAgent;initstate;CurPrice=1023.0 Ref.Price=1014,00 UpProcent=0,8876;1000;100000;1112000;24000;2,2059;12000;1,0909;  ;   ;   ;   ;  ;1012;
V92;0388;BlankoAgent;initstate;CurpPrice=1012.0 Ref.Price=1021,00 DownProcent=0,8815;1000;100000;1104000;20000;1,845;4000;0,3636;  ;   ;   ;   ;  ;1004;
V92;0389;BlankoAgent;initstate;CurpPrice=1004.0 Ref.Price=1014,00 DownProcent=0,9862;1000;100000;1099000;0;0,00;-1000;-0,0909;  ;   ;   ;   ;  ;999;
V92;0390;BlankoAgent;initstate;CurpPrice=999.0 Ref.Price=1008,00 DownProcent=0,8929;1000;100000;1098000;-12000;-1,0811;-2000;-0,1818;  ;   ;   ;   ;  ;998;
V92;0391;BlankoAgent;initstate;CurpPrice=998.0 Ref.Price=1014,00 DownProcent=1,5779;1000;100000;1093000;-17000;-1,5315;-7000;-0,6364;  ;   ;   ;   ;  ;993;
V92;0392;BlankoAgent;initstate;CurpPrice=993.0 Ref.Price=1016,00 DownProcent=2,2638;1000;100000;1087000;-11000;-1,0018;-13000;-1,1818;  ;   ;   ;   ;  ;987;
V92;0393;BlankoAgent;initstate;CurpPrice=987.0 Ref.Price=1023,00 DownProcent=3,5191;1000;100000;1086000;-10000;-0,9124;-14000;-1,2727;  ;   ;   ;   ;  ;986;
V92;0394;BlankoAgent;initstate;CurpPrice=986.0 Ref.Price=1012,00 DownProcent=2,5692;1000;100000;1075000;-28000;-2,5385;-25000;-2,2727;  ;   ;   ;   ;  ;975;
V92;0395;BlankoAgent;initstate;CurpPrice=975.0 Ref.Price=1004,00 DownProcent=2,8884;1000;100000;1075000;-32000;-2,8907;-25000;-2,2727;  ;   ;   ;   ;  ;975;
V92;0396;BlankoAgent;initstate;CurpPrice=975.0 Ref.Price=999,00 DownProcent=2,4024;1000;100000;1076000;-28000;-2,5362;-24000;-2,1818;  ;   ;   ;   ;  ;976;
V92;0397;BlankoAgent;initstate;CurpPrice=976.0 Ref.Price=998,00 DownProcent=2,2044;1000;100000;1079000;-38000;-3,402;-21000;-1,9091;  ;   ;   ;   ;  ;979;
V92;0398;BlankoAgent;initstate;CurpPrice=979.0 Ref.Price=993,00 DownProcent=1,4099;1000;100000;1080000;-41000;-3,6574;-20000;-1,8182;  ;   ;   ;   ;  ;980;
V92;0399;BlankoAgent;initstate;CurpPrice=980.0 Ref.Price=987,00 DownProcent=0,7092;1000;100000;1074000;-49000;-4,3633;-26000;-2,3636;  ;   ;   ;   ;  ;974;
V92;0400;BlankoAgent;initstate;CurpPrice=974.0 Ref.Price=986,00 DownProcent=1,217;1000;100000;1071000;-43000;-3,86;-29000;-2,6364;  ;   ;   ;   ;  ;971;
